0.32100000977516174
0.0
0.0
0.6859999895095825
0.6880000233650208
0.6909999847412109
0.6909999847412109
0.6930000185966492
0.6959999799728394
0.6990000009536743
0.699999988079071
0.7049999833106995
0.7070000171661377
0.7049999833106995
0.7059999704360962
0.703000009059906
0.6959999799728394
0.7020000219345093
0.7009999752044678
0.7120000123977661
0.7149999737739563
0.7289999723434448
0.7250000238418579
0.7269999980926514
0.7390000224113464
0.7649999856948853
0.7739999890327454
0.7630000114440918
0.7620000243186951
0.7799999713897705
0.7860000133514404
0.7979999780654907
0.8109999895095825
0.8149999976158142
0.8560000061988831
0.8569999933242798
0.8579999804496765
0.8669999837875366
0.8709999918937683
0.8730000257492065
0.8740000128746033
0.8629999756813049
0.8519999980926514
0.847000002861023
0.8389999866485596
0.8220000267028809
0.7950000166893005
0.7889999747276306
0.7730000019073486
0.765999972820282
0.7620000243186951
0.75
0.7490000128746033
0.7310000061988831
0.7139999866485596
0.6959999799728394
0.6990000009536743
0.7020000219345093
0.703000009059906
0.7049999833106995
0.6980000138282776
0.6930000185966492
0.6890000104904175
0.6840000152587891
0.6790000200271606
0.6740000247955322
0.6669999957084656
0.6610000133514404
0.6589999794960022
0.6570000052452087
0.6520000100135803
0.6499999761581421
0.6449999809265137
0.6420000195503235
0.6399999856948853
0.640999972820282
0.6380000114440918
0.6359999775886536
0.6349999904632568
0.6330000162124634
0.6299999952316284
0.6269999742507935
0.6259999871253967
0.628000020980835
0.6269999742507935
0.628000020980835
0.628000020980835
0.628000020980835
0.6309999823570251
0.6330000162124634
0.6330000162124634
0.6330000162124634
0.6330000162124634
0.6309999823570251
0.6330000162124634
0.6359999775886536
0.640999972820282
0.640999972820282
0.6449999809265137
0.6470000147819519
0.6499999761581421
0.6520000100135803
0.6549999713897705
0.6589999794960022
0.6639999747276306
0.6660000085830688
0.6729999780654907
0.6800000071525574
0.6850000023841858
0.6880000233650208
0.6930000185966492
0.699999988079071
0.7020000219345093
0.7020000219345093
0.7009999752044678
0.6899999976158142
0.7149999737739563
0.7239999771118164
0.7289999723434448
0.7400000095367432
0.7459999918937683
0.7540000081062317
0.777999997138977
0.7879999876022339
0.7860000133514404
0.8009999990463257
0.8059999942779541
0.8320000171661377
0.8389999866485596
0.847000002861023
0.8610000014305115
0.8730000257492065
0.8820000290870667
0.8849999904632568
0.9169999957084656
0.9319999814033508
0.9639999866485596
0.9739999771118164
0.9959999918937683
1.0160000324249268
1.055999994277954
1.0850000381469727
1.1180000305175781
1.1410000324249268
1.1629999876022339
1.2200000286102295
1.2400000095367432
1.2730000019073486
1.2999999523162842
1.3459999561309814
1.4759999513626099
1.409000039100647
1.4110000133514404
1.4149999618530273
1.38100004196167
1.3899999856948853
1.3639999628067017
1.3609999418258667
1.3569999933242798
1.3370000123977661
1.3350000381469727
1.3309999704360962
1.3250000476837158
1.2960000038146973
1.305999994277954
1.3070000410079956
1.2999999523162842
1.2970000505447388
1.2920000553131104
1.2769999504089355
1.284000039100647
1.2940000295639038
1.277999997138977
1.2719999551773071
1.2860000133514404
1.2920000553131104
1.2899999618530273
1.281999945640564
1.2829999923706055
1.2719999551773071
1.284000039100647
1.2869999408721924
1.2760000228881836
1.2719999551773071
1.2949999570846558
1.2899999618530273
1.2899999618530273
1.2940000295639038
1.2920000553131104
1.2949999570846558
1.3029999732971191
1.3029999732971191
1.2999999523162842
1.3279999494552612
1.3259999752044678
1.3179999589920044
1.3370000123977661
1.3489999771118164
1.3569999933242798
1.3650000095367432
1.371999979019165
1.3739999532699585
1.4040000438690186
1.406000018119812
1.409999966621399
1.4179999828338623
1.434000015258789
1.465999960899353
1.4700000286102295
1.4589999914169312
1.4730000495910645
1.4869999885559082
1.534999966621399
1.5369999408721924
1.5759999752044678
1.5809999704360962
1.6030000448226929
1.6390000581741333
1.6469999551773071
1.6749999523162842
1.7120000123977661
1.7369999885559082
1.8009999990463257
1.843999981880188
1.850000023841858
1.86899995803833
1.9010000228881836
1.9570000171661377
2.015000104904175
2.052000045776367
2.0850000381469727
2.134999990463257
2.1989998817443848
2.2269999980926514
2.2809998989105225
2.4040000438690186
2.4839999675750732
2.513000011444092
2.6050000190734863
0.6840000152587891
0.6840000152587891
0.6970000267028809
0.7049999833106995
0.6970000267028809
0.6919999718666077
0.6869999766349792
0.6830000281333923
0.6809999942779541
0.675000011920929
0.6700000166893005
0.6650000214576721
0.6610000133514404
0.6579999923706055
0.6570000052452087
0.652999997138977
0.6489999890327454
0.6480000019073486
0.6470000147819519
0.6449999809265137
0.6449999809265137
0.6449999809265137
0.6399999856948853
0.6420000195503235
0.6389999985694885
0.6380000114440918
0.6349999904632568
0.6359999775886536
0.6399999856948853
0.6389999985694885
0.6399999856948853
0.6349999904632568
0.6359999775886536
0.6380000114440918
0.6380000114440918
0.6399999856948853
0.6420000195503235
0.6430000066757202
0.6449999809265137
0.6470000147819519
0.6499999761581421
0.6520000100135803
0.6570000052452087
0.6600000262260437
0.6620000004768372
0.6650000214576721
0.6690000295639038
0.6700000166893005
0.675000011920929
0.6850000023841858
0.6909999847412109
0.6930000185966492
0.6970000267028809
0.6949999928474426
0.6990000009536743
0.6959999799728394
0.7160000205039978
0.7179999947547913
0.7200000286102295
0.7279999852180481
0.7300000190734863
0.75
0.7549999952316284
0.7699999809265137
0.7730000019073486
0.7889999747276306
0.7879999876022339
0.8050000071525574
0.8059999942779541
0.8149999976158142
0.8240000009536743
0.8569999933242798
0.8759999871253967
0.871999979019165
0.8820000290870667
0.8799999952316284
0.8870000243186951
0.8920000195503235
0.8769999742507935
0.859000027179718
0.8519999980926514
0.8450000286102295
0.8460000157356262
0.8320000171661377
0.8230000138282776
0.8090000152587891
0.7990000247955322
0.7820000052452087
0.7739999890327454
0.7609999775886536
0.7519999742507935
0.7509999871253967
0.7409999966621399
0.7360000014305115
0.7419999837875366
0.7059999704360962
0.6990000009536743
0.6919999718666077
0.7020000219345093
0.6859999895095825
0.6819999814033508
0.7170000076293945
0.7110000252723694
0.7059999704360962
0.703000009059906
0.699999988079071
0.6990000009536743
0.6949999928474426
0.6940000057220459
0.6930000185966492
0.37700000405311584
0.3790000081062317
0.38199999928474426
0.38199999928474426
0.3179999887943268
0.3179999887943268
0.3190000057220459
0.32600000500679016
0.3190000057220459
0.3199999928474426
0.32100000977516174
----------
0.32199999690055847
0.32499998807907104
0.0
0.6970000267028809
0.6909999847412109
0.6850000023841858
0.6899999976158142
0.6930000185966492
0.6949999928474426
0.6980000138282776
0.7020000219345093
0.7039999961853027
0.7049999833106995
0.7070000171661377
0.7059999704360962
0.703000009059906
0.6949999928474426
0.6830000281333923
0.6990000009536743
0.7089999914169312
0.7200000286102295
0.7289999723434448
0.7429999709129333
0.7400000095367432
0.7480000257492065
0.7549999952316284
0.7639999985694885
0.7789999842643738
0.796999990940094
0.7829999923706055
0.796999990940094
0.8119999766349792
0.8190000057220459
0.8330000042915344
0.8399999737739563
0.843999981880188
0.8389999866485596
0.8880000114440918
0.8899999856948853
0.8930000066757202
0.8740000128746033
0.8529999852180481
0.8349999785423279
0.8349999785423279
0.8349999785423279
0.8320000171661377
0.7870000004768372
0.7860000133514404
0.7850000262260437
0.7789999842643738
0.781000018119812
0.7549999952316284
0.7480000257492065
0.7319999933242798
0.7160000205039978
0.7070000171661377
0.7049999833106995
0.6930000185966492
0.699999988079071
0.703000009059906
0.6970000267028809
0.6940000057220459
0.6909999847412109
0.6859999895095825
0.6809999942779541
0.6710000038146973
0.6650000214576721
0.6639999747276306
0.6589999794960022
0.6539999842643738
0.6499999761581421
0.6470000147819519
0.6439999938011169
0.6449999809265137
0.6399999856948853
0.6359999775886536
0.6370000243186951
0.6340000033378601
0.6309999823570251
0.6340000033378601
0.6309999823570251
0.6299999952316284
0.628000020980835
0.6299999952316284
0.6290000081062317
0.6269999742507935
0.6290000081062317
0.6290000081062317
0.6290000081062317
0.628000020980835
0.6299999952316284
0.6290000081062317
0.6299999952316284
0.6320000290870667
0.6340000033378601
0.6349999904632568
0.6380000114440918
0.6399999856948853
0.6430000066757202
0.6460000276565552
0.6480000019073486
0.6510000228881836
0.652999997138977
0.6610000133514404
0.6610000133514404
0.6660000085830688
0.6710000038146973
0.6779999732971191
0.6859999895095825
0.6909999847412109
0.6940000057220459
0.699999988079071
0.7049999833106995
0.7070000171661377
0.6600000262260437
0.6970000267028809
0.6980000138282776
0.6990000009536743
0.7099999785423279
0.7260000109672546
0.7400000095367432
0.7450000047683716
0.7540000081062317
0.7620000243186951
0.777999997138977
0.7960000038146973
0.8090000152587891
0.8199999928474426
0.824999988079071
0.8410000205039978
0.8569999933242798
0.8730000257492065
0.8840000033378601
0.9010000228881836
0.9190000295639038
0.925000011920929
0.9470000267028809
0.953000009059906
1.00600004196167
1.0149999856948853
1.0299999713897705
1.090000033378601
1.093999981880188
1.1460000276565552
1.1390000581741333
1.190000057220459
1.2100000381469727
1.2669999599456787
1.3029999732971191
1.378999948501587
1.4240000247955322
1.430999994277954
1.406000018119812
1.4110000133514404
1.3869999647140503
1.3739999532699585
1.3760000467300415
1.36899995803833
1.3489999771118164
1.3350000381469727
1.343000054359436
1.3359999656677246
1.312999963760376
1.309000015258789
1.3079999685287476
1.319000005722046
1.2929999828338623
1.2929999828338623
1.3029999732971191
1.2829999923706055
1.2879999876022339
1.2929999828338623
1.2690000534057617
1.2769999504089355
1.2790000438690186
1.281000018119812
1.2740000486373901
1.277999997138977
1.2690000534057617
1.2829999923706055
1.2829999923706055
1.2869999408721924
1.281000018119812
1.281000018119812
1.2970000505447388
1.2979999780654907
1.2890000343322754
1.2829999923706055
1.2940000295639038
1.284999966621399
1.2949999570846558
1.3179999589920044
1.3049999475479126
1.2979999780654907
1.319000005722046
1.3309999704360962
1.3229999542236328
1.3389999866485596
1.3619999885559082
1.3489999771118164
1.3639999628067017
1.3839999437332153
1.3930000066757202
1.4190000295639038
1.4220000505447388
1.4079999923706055
1.4290000200271606
1.4529999494552612
1.4709999561309814
1.4589999914169312
1.4559999704360962
1.4789999723434448
1.5240000486373901
1.531999945640564
1.5770000219345093
1.593000054359436
1.6109999418258667
1.6360000371932983
1.659999966621399
1.684000015258789
1.715999960899353
1.7170000076293945
1.7929999828338623
1.8270000219345093
1.8530000448226929
1.8849999904632568
1.9010000228881836
1.9500000476837158
2.003999948501587
2.0490000247955322
2.0889999866485596
2.134000062942505
2.187999963760376
2.2170000076293945
2.2730000019073486
2.4489998817443848
2.4790000915527344
2.5220000743865967
2.5859999656677246
0.6830000281333923
0.6830000281333923
0.6990000009536743
0.7059999704360962
0.703000009059906
0.6990000009536743
0.6930000185966492
0.6869999766349792
0.6809999942779541
0.6779999732971191
0.6690000295639038
0.6679999828338623
0.6639999747276306
0.6610000133514404
0.6589999794960022
0.6549999713897705
0.6499999761581421
0.6499999761581421
0.6480000019073486
0.6449999809265137
0.6420000195503235
0.640999972820282
0.6399999856948853
0.640999972820282
0.6380000114440918
0.6399999856948853
0.6389999985694885
0.6380000114440918
0.6359999775886536
0.6320000290870667
0.6370000243186951
0.6370000243186951
0.6380000114440918
0.6399999856948853
0.6399999856948853
0.6420000195503235
0.6430000066757202
0.6449999809265137
0.6439999938011169
0.6470000147819519
0.6489999890327454
0.6520000100135803
0.6539999842643738
0.6570000052452087
0.6610000133514404
0.6660000085830688
0.6679999828338623
0.6669999957084656
0.6710000038146973
0.6790000200271606
0.6850000023841858
0.6890000104904175
0.6949999928474426
0.6970000267028809
0.6990000009536743
0.6990000009536743
0.6940000057220459
0.6980000138282776
0.7039999961853027
0.7020000219345093
0.7400000095367432
0.7419999837875366
0.7450000047683716
0.7549999952316284
0.7590000033378601
0.7540000081062317
0.7990000247955322
0.8029999732971191
0.8080000281333923
0.8240000009536743
0.8259999752044678
0.8399999737739563
0.8489999771118164
0.8600000143051147
0.8759999871253967
0.8920000195503235
0.8930000066757202
0.8790000081062317
0.8669999837875366
0.8479999899864197
0.8519999980926514
0.8429999947547913
0.8299999833106995
0.8230000138282776
0.8149999976158142
0.8069999814033508
0.7850000262260437
0.7820000052452087
0.7680000066757202
0.7599999904632568
0.7519999742507935
0.7540000081062317
0.7509999871253967
0.7509999871253967
0.7229999899864197
0.7120000123977661
0.7120000123977661
0.7080000042915344
0.7039999961853027
0.6990000009536743
0.6959999799728394
0.699999988079071
0.7070000171661377
0.7059999704360962
0.7020000219345093
0.699999988079071
0.6980000138282776
0.6940000057220459
0.6919999718666077
0.6909999847412109
0.37599998712539673
0.3790000081062317
0.382999986410141
0.38199999928474426
0.3179999887943268
0.3190000057220459
0.3199999928474426
0.3269999921321869
0.3190000057220459
0.3199999928474426
0.3199999928474426
----------
0.32199999690055847
0.32499998807907104
0.0
0.6990000009536743
0.6949999928474426
0.6909999847412109
0.6940000057220459
0.6949999928474426
0.6970000267028809
0.6990000009536743
0.699999988079071
0.7009999752044678
0.7059999704360962
0.7080000042915344
0.7080000042915344
0.7049999833106995
0.6970000267028809
0.6930000185966492
0.6980000138282776
0.7129999995231628
0.7210000157356262
0.7279999852180481
0.7409999966621399
0.7379999756813049
0.7459999918937683
0.7400000095367432
0.7360000014305115
0.7670000195503235
0.7850000262260437
0.7940000295639038
0.7870000004768372
0.8169999718666077
0.8320000171661377
0.8330000042915344
0.8389999866485596
0.8510000109672546
0.8539999723434448
0.8740000128746033
0.8790000081062317
0.8790000081062317
0.8769999742507935
0.8610000014305115
0.8550000190734863
0.8399999737739563
0.8330000042915344
0.8240000009536743
0.8109999895095825
0.7820000052452087
0.7749999761581421
0.7609999775886536
0.7509999871253967
0.746999979019165
0.7400000095367432
0.722000002861023
0.7120000123977661
0.6949999928474426
0.6850000023841858
0.6800000071525574
0.7139999866485596
0.7089999914169312
0.7039999961853027
0.6959999799728394
0.6909999847412109
0.6859999895095825
0.6800000071525574
0.675000011920929
0.6700000166893005
0.6629999876022339
0.6620000004768372
0.656000018119812
0.652999997138977
0.6460000276565552
0.6420000195503235
0.6399999856948853
0.640999972820282
0.6380000114440918
0.6349999904632568
0.6340000033378601
0.6340000033378601
0.6320000290870667
0.6269999742507935
0.6290000081062317
0.6299999952316284
0.6259999871253967
0.6269999742507935
0.6269999742507935
0.628000020980835
0.6269999742507935
0.628000020980835
0.6299999952316284
0.6299999952316284
0.6320000290870667
0.6340000033378601
0.6340000033378601
0.6370000243186951
0.6380000114440918
0.6380000114440918
0.6380000114440918
0.6380000114440918
0.640999972820282
0.6480000019073486
0.6489999890327454
0.6499999761581421
0.6539999842643738
0.6610000133514404
0.6660000085830688
0.675000011920929
0.6800000071525574
0.6859999895095825
0.6919999718666077
0.6919999718666077
0.699999988079071
0.703000009059906
0.7049999833106995
0.703000009059906
0.6970000267028809
0.7089999914169312
0.7120000123977661
0.7260000109672546
0.7300000190734863
0.7419999837875366
0.7549999952316284
0.7680000066757202
0.7860000133514404
0.7879999876022339
0.7860000133514404
0.7990000247955322
0.8220000267028809
0.8259999752044678
0.8270000219345093
0.8410000205039978
0.8510000109672546
0.8830000162124634
0.8999999761581421
0.9169999957084656
0.9330000281333923
0.9369999766349792
0.9409999847412109
0.9959999918937683
1.0119999647140503
1.059999942779541
1.0950000286102295
1.1119999885559082
1.1460000276565552
1.1649999618530273
1.1770000457763672
1.2339999675750732
1.2669999599456787
1.315999984741211
1.3619999885559082
1.4110000133514404
1.4179999828338623
1.4240000247955322
1.4010000228881836
1.3869999647140503
1.3899999856948853
1.3839999437332153
1.3489999771118164
1.3509999513626099
1.340999960899353
1.3359999656677246
1.3380000591278076
1.312999963760376
1.2929999828338623
1.3009999990463257
1.3070000410079956
1.3029999732971191
1.2790000438690186
1.3009999990463257
1.2890000343322754
1.2990000247955322
1.2790000438690186
1.2669999599456787
1.2769999504089355
1.2740000486373901
1.2790000438690186
1.2740000486373901
1.2929999828338623
1.281999945640564
1.2799999713897705
1.284999966621399
1.3040000200271606
1.2799999713897705
1.281000018119812
1.2829999923706055
1.2929999828338623
1.2910000085830688
1.2730000019073486
1.2869999408721924
1.2899999618530273
1.3009999990463257
1.3020000457763672
1.2970000505447388
1.312999963760376
1.3240000009536743
1.3389999866485596
1.3289999961853027
1.3450000286102295
1.3519999980926514
1.3580000400543213
1.3589999675750732
1.4010000228881836
1.3990000486373901
1.4149999618530273
1.4040000438690186
1.4290000200271606
1.430999994277954
1.4529999494552612
1.4620000123977661
1.4609999656677246
1.468000054359436
1.4900000095367432
1.527999997138977
1.555999994277954
1.5540000200271606
1.5800000429153442
1.593000054359436
1.6180000305175781
1.652999997138977
1.6690000295639038
1.6950000524520874
1.7339999675750732
1.7990000247955322
1.8220000267028809
1.86899995803833
1.8619999885559082
1.8960000276565552
1.934000015258789
1.99399995803833
2.0339999198913574
2.0739998817443848
2.0880000591278076
2.1579999923706055
2.190999984741211
2.2850000858306885
2.4170000553131104
2.4860000610351562
2.5250000953674316
2.5880000591278076
0.0
0.6980000138282776
0.7009999752044678
0.7039999961853027
0.7009999752044678
0.6970000267028809
0.6919999718666077
0.6880000233650208
0.6850000023841858
0.675000011920929
0.6700000166893005
0.6690000295639038
0.6650000214576721
0.6579999923706055
0.6589999794960022
0.6579999923706055
0.6499999761581421
0.6489999890327454
0.6470000147819519
0.6430000066757202
0.6439999938011169
0.6449999809265137
0.6430000066757202
0.640999972820282
0.6389999985694885
0.6389999985694885
0.6359999775886536
0.6349999904632568
0.6330000162124634
0.6349999904632568
0.6380000114440918
0.6370000243186951
0.6389999985694885
0.6380000114440918
0.6389999985694885
0.640999972820282
0.6399999856948853
0.6399999856948853
0.6430000066757202
0.6449999809265137
0.6489999890327454
0.6499999761581421
0.652999997138977
0.6570000052452087
0.6650000214576721
0.6660000085830688
0.6679999828338623
0.6710000038146973
0.6740000247955322
0.6779999732971191
0.6850000023841858
0.6919999718666077
0.6949999928474426
0.6980000138282776
0.7009999752044678
0.7039999961853027
0.7039999961853027
0.6980000138282776
0.7039999961853027
0.7170000076293945
0.7250000238418579
0.7360000014305115
0.7540000081062317
0.7570000290870667
0.7639999985694885
0.7620000243186951
0.7720000147819519
0.7900000214576721
0.8190000057220459
0.8299999833106995
0.8450000286102295
0.8529999852180481
0.8690000176429749
0.8790000081062317
0.8980000019073486
0.8980000019073486
0.8960000276565552
0.906000018119812
0.875
0.8629999756813049
0.8610000014305115
0.8529999852180481
0.8370000123977661
0.8399999737739563
0.8389999866485596
0.8119999766349792
0.8040000200271606
0.796999990940094
0.7850000262260437
0.7739999890327454
0.7509999871253967
0.746999979019165
0.7310000061988831
0.7239999771118164
0.718999981880188
0.7170000076293945
0.7039999961853027
0.7039999961853027
0.7049999833106995
0.7120000123977661
0.7080000042915344
0.7099999785423279
0.7070000171661377
0.7039999961853027
0.6990000009536743
0.6990000009536743
0.6980000138282776
0.6959999799728394
0.6930000185966492
0.6899999976158142
0.375
0.3790000081062317
0.382999986410141
0.38199999928474426
0.3179999887943268
0.3190000057220459
0.3199999928474426
0.3269999921321869
0.3190000057220459
0.3199999928474426
0.32100000977516174
----------
0.32100000977516174
0.3240000009536743
0.0
0.703000009059906
0.6959999799728394
0.6890000104904175
0.6919999718666077
0.6930000185966492
0.6949999928474426
0.6990000009536743
0.699999988079071
0.703000009059906
0.7080000042915344
0.7110000252723694
0.7120000123977661
0.6610000133514404
0.699999988079071
0.7009999752044678
0.7020000219345093
0.703000009059906
0.7020000219345093
0.7099999785423279
0.7239999771118164
0.75
0.7609999775886536
0.7620000243186951
0.7549999952316284
0.7710000276565552
0.7749999761581421
0.7919999957084656
0.7879999876022339
0.8009999990463257
0.8159999847412109
0.8289999961853027
0.8259999752044678
0.8429999947547913
0.8550000190734863
0.8629999756813049
0.8790000081062317
0.890999972820282
0.8820000290870667
0.8679999709129333
0.8519999980926514
0.8360000252723694
0.8199999928474426
0.8069999814033508
0.8019999861717224
0.7820000052452087
0.7760000228881836
0.7699999809265137
0.7599999904632568
0.7459999918937683
0.7360000014305115
0.7279999852180481
0.7160000205039978
0.7089999914169312
0.6990000009536743
0.6949999928474426
0.6990000009536743
0.7070000171661377
0.7039999961853027
0.6990000009536743
0.6930000185966492
0.6880000233650208
0.6819999814033508
0.6790000200271606
0.671999990940094
0.6650000214576721
0.6579999923706055
0.6549999713897705
0.652999997138977
0.6449999809265137
0.6439999938011169
0.6430000066757202
0.6399999856948853
0.6359999775886536
0.6370000243186951
0.6340000033378601
0.6340000033378601
0.6320000290870667
0.6269999742507935
0.628000020980835
0.6290000081062317
0.6269999742507935
0.628000020980835
0.628000020980835
0.625
0.6269999742507935
0.6290000081062317
0.6309999823570251
0.628000020980835
0.6309999823570251
0.6320000290870667
0.6340000033378601
0.6340000033378601
0.6349999904632568
0.6380000114440918
0.6389999985694885
0.6430000066757202
0.6460000276565552
0.6489999890327454
0.6520000100135803
0.6570000052452087
0.6620000004768372
0.6639999747276306
0.6679999828338623
0.675000011920929
0.6800000071525574
0.6850000023841858
0.6890000104904175
0.6940000057220459
0.6959999799728394
0.7020000219345093
0.7049999833106995
0.703000009059906
0.6980000138282776
0.703000009059906
0.718999981880188
0.7229999899864197
0.7250000238418579
0.7680000066757202
0.7749999761581421
0.7829999923706055
0.7720000147819519
0.7789999842643738
0.7960000038146973
0.8090000152587891
0.8209999799728394
0.8360000252723694
0.8379999995231628
0.847000002861023
0.8619999885559082
0.8880000114440918
0.8949999809265137
0.9160000085830688
0.9259999990463257
0.9449999928474426
0.9620000123977661
0.9779999852180481
1.0010000467300415
1.0709999799728394
1.0850000381469727
1.1050000190734863
1.149999976158142
1.1660000085830688
1.184000015258789
1.222000002861023
1.2740000486373901
1.3229999542236328
1.3580000400543213
1.4179999828338623
1.430999994277954
1.4149999618530273
1.4079999923706055
1.3930000066757202
1.3849999904632568
1.3639999628067017
1.3550000190734863
1.3509999513626099
1.3480000495910645
1.3450000286102295
1.3309999704360962
1.3209999799728394
1.3079999685287476
1.312999963760376
1.3109999895095825
1.2999999523162842
1.2929999828338623
1.3040000200271606
1.2960000038146973
1.284000039100647
1.2890000343322754
1.2740000486373901
1.281999945640564
1.2860000133514404
1.2710000276565552
1.2710000276565552
1.2920000553131104
1.2740000486373901
1.2869999408721924
1.277999997138977
1.2899999618530273
1.2699999809265137
1.2769999504089355
1.284000039100647
1.2929999828338623
1.281999945640564
1.2879999876022339
1.2730000019073486
1.2979999780654907
1.2860000133514404
1.2970000505447388
1.3049999475479126
1.3029999732971191
1.3200000524520874
1.3200000524520874
1.3289999961853027
1.3320000171661377
1.3700000047683716
1.3660000562667847
1.3650000095367432
1.3849999904632568
1.406000018119812
1.4129999876022339
1.4179999828338623
1.4259999990463257
1.4390000104904175
1.4570000171661377
1.4639999866485596
1.4539999961853027
1.4639999866485596
1.4850000143051147
1.524999976158142
1.5549999475479126
1.5750000476837158
1.5829999446868896
1.6019999980926514
1.6540000438690186
1.656000018119812
1.690999984741211
1.7070000171661377
1.7259999513626099
1.815000057220459
1.8359999656677246
1.8550000190734863
1.8899999856948853
1.906000018119812
1.9429999589920044
1.9919999837875366
2.007999897003174
2.069999933242798
2.0940001010894775
2.1489999294281006
2.188999891281128
2.2890000343322754
2.437000036239624
2.48799991607666
2.5380001068115234
2.572000026702881
0.0
0.6850000023841858
0.6949999928474426
0.7059999704360962
0.7009999752044678
0.6970000267028809
0.6919999718666077
0.6859999895095825
0.6809999942779541
0.6779999732971191
0.6710000038146973
0.6669999957084656
0.6600000262260437
0.6579999923706055
0.6600000262260437
0.6570000052452087
0.6520000100135803
0.6470000147819519
0.6439999938011169
0.6420000195503235
0.6430000066757202
0.6439999938011169
0.6420000195503235
0.6399999856948853
0.6389999985694885
0.6370000243186951
0.6380000114440918
0.6349999904632568
0.6349999904632568
0.6370000243186951
0.6340000033378601
0.6340000033378601
0.6349999904632568
0.6349999904632568
0.6340000033378601
0.6370000243186951
0.640999972820282
0.6439999938011169
0.6470000147819519
0.6480000019073486
0.6510000228881836
0.652999997138977
0.652999997138977
0.6589999794960022
0.6600000262260437
0.6660000085830688
0.6679999828338623
0.671999990940094
0.6740000247955322
0.6800000071525574
0.6850000023841858
0.6919999718666077
0.6949999928474426
0.6980000138282776
0.6990000009536743
0.6980000138282776
0.6880000233650208
0.699999988079071
0.7099999785423279
0.7089999914169312
0.6759999990463257
0.7310000061988831
0.7440000176429749
0.7580000162124634
0.7680000066757202
0.777999997138977
0.7870000004768372
0.7979999780654907
0.7950000166893005
0.8220000267028809
0.8360000252723694
0.8420000076293945
0.859000027179718
0.8690000176429749
0.8830000162124634
0.8930000066757202
0.8999999761581421
0.9169999957084656
0.8769999742507935
0.8569999933242798
0.8640000224113464
0.847000002861023
0.8289999961853027
0.8199999928474426
0.8130000233650208
0.8109999895095825
0.800000011920929
0.7540000081062317
0.7580000162124634
0.7630000114440918
0.7509999871253967
0.746999979019165
0.7319999933242798
0.7310000061988831
0.7250000238418579
0.7120000123977661
0.7110000252723694
0.7089999914169312
0.7059999704360962
0.6959999799728394
0.6990000009536743
0.703000009059906
0.7059999704360962
0.7020000219345093
0.7009999752044678
0.6980000138282776
0.6970000267028809
0.6909999847412109
0.6909999847412109
0.6909999847412109
0.375
0.3779999911785126
0.38199999928474426
0.38199999928474426
0.3179999887943268
0.3190000057220459
0.3199999928474426
0.3269999921321869
0.3190000057220459
0.3199999928474426
0.3199999928474426
----------
0.3199999928474426
0.0
0.0
0.6880000233650208
0.6890000104904175
0.6899999976158142
0.6919999718666077
0.6940000057220459
0.6970000267028809
0.6990000009536743
0.7009999752044678
0.7039999961853027
0.7059999704360962
0.7059999704360962
0.7049999833106995
0.7020000219345093
0.6949999928474426
0.6959999799728394
0.6859999895095825
0.7210000157356262
0.722000002861023
0.7229999899864197
0.7200000286102295
0.7559999823570251
0.7540000081062317
0.7519999742507935
0.7490000128746033
0.781000018119812
0.7950000166893005
0.7950000166893005
0.8059999942779541
0.824999988079071
0.8379999995231628
0.8429999947547913
0.8450000286102295
0.8640000224113464
0.8679999709129333
0.8840000033378601
0.8870000243186951
0.8550000190734863
0.8560000061988831
0.8579999804496765
0.843999981880188
0.8360000252723694
0.824999988079071
0.8299999833106995
0.828000009059906
0.796999990940094
0.7820000052452087
0.7649999856948853
0.7590000033378601
0.7509999871253967
0.7429999709129333
0.7059999704360962
0.7049999833106995
0.7049999833106995
0.7039999961853027
0.6940000057220459
0.6980000138282776
0.7039999961853027
0.699999988079071
0.6930000185966492
0.6909999847412109
0.6850000023841858
0.6800000071525574
0.6710000038146973
0.6669999957084656
0.6620000004768372
0.6579999923706055
0.6510000228881836
0.6480000019073486
0.6460000276565552
0.6380000114440918
0.6389999985694885
0.6399999856948853
0.6399999856948853
0.6389999985694885
0.6359999775886536
0.6320000290870667
0.6330000162124634
0.6320000290870667
0.6299999952316284
0.6290000081062317
0.6299999952316284
0.6309999823570251
0.628000020980835
0.6290000081062317
0.6269999742507935
0.6299999952316284
0.6299999952316284
0.6299999952316284
0.6290000081062317
0.6330000162124634
0.6359999775886536
0.6380000114440918
0.6389999985694885
0.6389999985694885
0.6420000195503235
0.6449999809265137
0.6449999809265137
0.6480000019073486
0.6499999761581421
0.656000018119812
0.6600000262260437
0.6629999876022339
0.6690000295639038
0.6740000247955322
0.6800000071525574
0.6850000023841858
0.6899999976158142
0.6940000057220459
0.6970000267028809
0.7009999752044678
0.703000009059906
0.699999988079071
0.6899999976158142
0.6949999928474426
0.7039999961853027
0.7139999866485596
0.7200000286102295
0.7429999709129333
0.7509999871253967
0.7519999742507935
0.7559999823570251
0.7860000133514404
0.8029999732971191
0.8109999895095825
0.8259999752044678
0.8330000042915344
0.8489999771118164
0.8500000238418579
0.859000027179718
0.8740000128746033
0.9039999842643738
0.9120000004768372
0.9340000152587891
0.9549999833106995
0.9639999866485596
0.9779999852180481
1.0140000581741333
1.0390000343322754
1.0759999752044678
1.100000023841858
1.1200000047683716
1.1660000085830688
1.1829999685287476
1.2139999866485596
1.2649999856948853
1.3140000104904175
1.3660000562667847
1.4229999780654907
1.4299999475479126
1.4110000133514404
1.409000039100647
1.3890000581741333
1.3600000143051147
1.3849999904632568
1.3459999561309814
1.3509999513626099
1.3240000009536743
1.3329999446868896
1.3309999704360962
1.3289999961853027
1.312999963760376
1.3049999475479126
1.305999994277954
1.2899999618530273
1.2979999780654907
1.2879999876022339
1.2799999713897705
1.2899999618530273
1.2999999523162842
1.2760000228881836
1.2829999923706055
1.2649999856948853
1.277999997138977
1.2890000343322754
1.2719999551773071
1.281999945640564
1.2890000343322754
1.284999966621399
1.2920000553131104
1.277999997138977
1.2829999923706055
1.2949999570846558
1.2879999876022339
1.281999945640564
1.2790000438690186
1.284999966621399
1.2949999570846558
1.2890000343322754
1.315999984741211
1.315000057220459
1.312000036239624
1.3259999752044678
1.315999984741211
1.3259999752044678
1.3240000009536743
1.3550000190734863
1.3589999675750732
1.3600000143051147
1.3730000257492065
1.3890000581741333
1.4240000247955322
1.4240000247955322
1.4249999523162842
1.444000005722046
1.4579999446868896
1.4670000076293945
1.4539999961853027
1.4789999723434448
1.4809999465942383
1.5509999990463257
1.565999984741211
1.5670000314712524
1.5839999914169312
1.6080000400543213
1.625
1.6480000019073486
1.6770000457763672
1.7050000429153442
1.7330000400543213
1.7910000085830688
1.812999963760376
1.8550000190734863
1.8869999647140503
1.9119999408721924
1.9550000429153442
2.000999927520752
2.0350000858306885
2.071000099182129
2.117000102996826
2.177999973297119
2.2070000171661377
2.253000020980835
2.428999900817871
2.484999895095825
2.5299999713897705
2.5920000076293945
0.6859999895095825
0.6859999895095825
0.6959999799728394
0.7039999961853027
0.6980000138282776
0.6980000138282776
0.6930000185966492
0.6880000233650208
0.6819999814033508
0.6779999732971191
0.6679999828338623
0.6639999747276306
0.6629999876022339
0.6600000262260437
0.656000018119812
0.6520000100135803
0.6460000276565552
0.6460000276565552
0.6460000276565552
0.6439999938011169
0.640999972820282
0.6439999938011169
0.6399999856948853
0.6389999985694885
0.6349999904632568
0.6349999904632568
0.6340000033378601
0.6380000114440918
0.6399999856948853
0.640999972820282
0.6389999985694885
0.6349999904632568
0.6349999904632568
0.6370000243186951
0.6380000114440918
0.6349999904632568
0.640999972820282
0.6420000195503235
0.6439999938011169
0.6480000019073486
0.6480000019073486
0.6510000228881836
0.656000018119812
0.6589999794960022
0.6610000133514404
0.6629999876022339
0.6679999828338623
0.6700000166893005
0.6769999861717224
0.6830000281333923
0.6880000233650208
0.6919999718666077
0.6949999928474426
0.6980000138282776
0.699999988079071
0.6970000267028809
0.6859999895095825
0.6970000267028809
0.699999988079071
0.7229999899864197
0.734000027179718
0.7379999756813049
0.753000020980835
0.7670000195503235
0.7620000243186951
0.7580000162124634
0.7870000004768372
0.8050000071525574
0.8119999766349792
0.8199999928474426
0.8199999928474426
0.8309999704360962
0.859000027179718
0.8669999837875366
0.875
0.8870000243186951
0.8939999938011169
0.8870000243186951
0.8840000033378601
0.8560000061988831
0.8510000109672546
0.8389999866485596
0.8320000171661377
0.8199999928474426
0.8190000057220459
0.8009999990463257
0.7829999923706055
0.7710000276565552
0.7770000100135803
0.765999972820282
0.7599999904632568
0.7480000257492065
0.7350000143051147
0.7269999980926514
0.7300000190734863
0.7260000109672546
0.7099999785423279
0.7039999961853027
0.7080000042915344
0.7039999961853027
0.6650000214576721
0.7089999914169312
0.7059999704360962
0.7039999961853027
0.7009999752044678
0.699999988079071
0.6970000267028809
0.6959999799728394
0.6940000057220459
0.6919999718666077
0.37400001287460327
0.3779999911785126
0.382999986410141
0.38199999928474426
0.3179999887943268
0.3190000057220459
0.3199999928474426
0.3269999921321869
0.3190000057220459
0.3199999928474426
0.3199999928474426
----------
0.32199999690055847
0.3240000009536743
0.0
0.7059999704360962
0.6970000267028809
0.6890000104904175
0.6919999718666077
0.6930000185966492
0.6919999718666077
0.6970000267028809
0.699999988079071
0.703000009059906
0.7049999833106995
0.7059999704360962
0.7059999704360962
0.7039999961853027
0.6980000138282776
0.703000009059906
0.7049999833106995
0.7089999914169312
0.718999981880188
0.7179999947547913
0.7350000143051147
0.7419999837875366
0.7549999952316284
0.75
0.7459999918937683
0.7639999985694885
0.777999997138977
0.7839999794960022
0.7850000262260437
0.7929999828338623
0.8209999799728394
0.8379999995231628
0.8360000252723694
0.8460000157356262
0.8579999804496765
0.8709999918937683
0.8820000290870667
0.8980000019073486
0.8859999775886536
0.8669999837875366
0.8600000143051147
0.8519999980926514
0.8399999737739563
0.8140000104904175
0.8040000200271606
0.7879999876022339
0.781000018119812
0.7720000147819519
0.7620000243186951
0.7450000047683716
0.7419999837875366
0.7300000190734863
0.7210000157356262
0.7279999852180481
0.7020000219345093
0.6949999928474426
0.6940000057220459
0.7049999833106995
0.7009999752044678
0.6970000267028809
0.6909999847412109
0.6859999895095825
0.6790000200271606
0.6740000247955322
0.6679999828338623
0.6629999876022339
0.6570000052452087
0.6539999842643738
0.6499999761581421
0.6439999938011169
0.640999972820282
0.640999972820282
0.6389999985694885
0.6380000114440918
0.6340000033378601
0.6309999823570251
0.6309999823570251
0.6349999904632568
0.6340000033378601
0.6330000162124634
0.6309999823570251
0.6299999952316284
0.6309999823570251
0.628000020980835
0.6259999871253967
0.6259999871253967
0.6290000081062317
0.6290000081062317
0.6309999823570251
0.6320000290870667
0.6320000290870667
0.6349999904632568
0.6359999775886536
0.6359999775886536
0.6359999775886536
0.6380000114440918
0.640999972820282
0.640999972820282
0.6470000147819519
0.6499999761581421
0.652999997138977
0.6539999842643738
0.6629999876022339
0.6660000085830688
0.671999990940094
0.6769999861717224
0.6859999895095825
0.6869999766349792
0.6940000057220459
0.6980000138282776
0.7020000219345093
0.699999988079071
0.6959999799728394
0.6869999766349792
0.6930000185966492
0.7049999833106995
0.7200000286102295
0.722000002861023
0.7390000224113464
0.7519999742507935
0.7670000195503235
0.7710000276565552
0.7839999794960022
0.7990000247955322
0.8169999718666077
0.8270000219345093
0.8389999866485596
0.8420000076293945
0.8550000190734863
0.8519999980926514
0.8790000081062317
0.8889999985694885
0.9039999842643738
0.9399999976158142
0.9539999961853027
0.9610000252723694
0.9760000109672546
0.9950000047683716
1.0140000581741333
1.090999960899353
1.1019999980926514
1.1239999532699585
1.1390000581741333
1.190000057220459
1.2680000066757202
1.2589999437332153
1.309000015258789
1.3359999656677246
1.3860000371932983
1.430999994277954
1.4190000295639038
1.3980000019073486
1.3940000534057617
1.3940000534057617
1.3600000143051147
1.347000002861023
1.3569999933242798
1.3450000286102295
1.3309999704360962
1.3259999752044678
1.3300000429153442
1.315000057220459
1.2990000247955322
1.3009999990463257
1.309000015258789
1.2920000553131104
1.2899999618530273
1.274999976158142
1.284999966621399
1.2719999551773071
1.284000039100647
1.2599999904632568
1.2719999551773071
1.274999976158142
1.284999966621399
1.2790000438690186
1.2790000438690186
1.2669999599456787
1.2690000534057617
1.2790000438690186
1.281000018119812
1.274999976158142
1.2910000085830688
1.281999945640564
1.2760000228881836
1.2760000228881836
1.2920000553131104
1.3040000200271606
1.2929999828338623
1.2960000038146973
1.312999963760376
1.315000057220459
1.3240000009536743
1.3339999914169312
1.3359999656677246
1.3420000076293945
1.343000054359436
1.3589999675750732
1.3660000562667847
1.3930000066757202
1.3960000276565552
1.4049999713897705
1.4119999408721924
1.4010000228881836
1.4470000267028809
1.4539999961853027
1.4700000286102295
1.4639999866485596
1.4589999914169312
1.475000023841858
1.5420000553131104
1.5570000410079956
1.555999994277954
1.6019999980926514
1.6039999723434448
1.628000020980835
1.656999945640564
1.6920000314712524
1.6790000200271606
1.7319999933242798
1.7410000562667847
1.809999942779541
1.8420000076293945
1.8730000257492065
1.9140000343322754
1.934000015258789
2.005000114440918
2.0139999389648438
2.066999912261963
2.118000030517578
2.1459999084472656
2.184000015258789
2.259999990463257
2.4179999828338623
2.4489998817443848
2.499000072479248
2.5759999752044678
2.635999917984009
0.7110000252723694
0.7110000252723694
0.7039999961853027
0.7009999752044678
0.6949999928474426
0.6909999847412109
0.6869999766349792
0.6809999942779541
0.6759999990463257
0.6710000038146973
0.6660000085830688
0.6600000262260437
0.6570000052452087
0.6570000052452087
0.6549999713897705
0.652999997138977
0.6480000019073486
0.6460000276565552
0.6449999809265137
0.6460000276565552
0.6449999809265137
0.640999972820282
0.6420000195503235
0.6370000243186951
0.6389999985694885
0.6330000162124634
0.6340000033378601
0.6359999775886536
0.6349999904632568
0.6309999823570251
0.6340000033378601
0.6349999904632568
0.6349999904632568
0.6359999775886536
0.6389999985694885
0.6399999856948853
0.6420000195503235
0.6430000066757202
0.6480000019073486
0.6480000019073486
0.6489999890327454
0.6539999842643738
0.6570000052452087
0.6600000262260437
0.6639999747276306
0.6669999957084656
0.6729999780654907
0.6740000247955322
0.6800000071525574
0.6850000023841858
0.6930000185966492
0.6949999928474426
0.699999988079071
0.7059999704360962
0.7070000171661377
0.7039999961853027
0.6909999847412109
0.7039999961853027
0.7129999995231628
0.7210000157356262
0.7390000224113464
0.746999979019165
0.7490000128746033
0.7590000033378601
0.7620000243186951
0.7799999713897705
0.7889999747276306
0.8059999942779541
0.8180000185966492
0.8199999928474426
0.8360000252723694
0.8539999723434448
0.8640000224113464
0.8769999742507935
0.8790000081062317
0.8949999809265137
0.8960000276565552
0.875
0.8539999723434448
0.8519999980926514
0.8410000205039978
0.8360000252723694
0.8309999704360962
0.8169999718666077
0.7979999780654907
0.7850000262260437
0.7789999842643738
0.7649999856948853
0.7570000290870667
0.7429999709129333
0.7360000014305115
0.7269999980926514
0.7260000109672546
0.7250000238418579
0.7210000157356262
0.7070000171661377
0.7310000061988831
0.6899999976158142
0.6940000057220459
0.6990000009536743
0.6980000138282776
0.7070000171661377
0.7039999961853027
0.699999988079071
0.6970000267028809
0.6940000057220459
0.6909999847412109
0.6919999718666077
0.6899999976158142
0.375
0.3790000081062317
0.382999986410141
0.38199999928474426
0.3179999887943268
0.3179999887943268
0.3190000057220459
0.32600000500679016
0.3179999887943268
0.3190000057220459
0.3190000057220459
----------
0.32100000977516174
0.3230000138282776
0.0
0.7039999961853027
0.6959999799728394
0.6880000233650208
0.6899999976158142
0.6909999847412109
0.6940000057220459
0.6970000267028809
0.7020000219345093
0.7020000219345093
0.7049999833106995
0.7080000042915344
0.7049999833106995
0.699999988079071
0.6869999766349792
0.6959999799728394
0.6980000138282776
0.7120000123977661
0.7139999866485596
0.7099999785423279
0.7160000205039978
0.7540000081062317
0.7559999823570251
0.7580000162124634
0.7549999952316284
0.7720000147819519
0.7730000019073486
0.7789999842643738
0.7889999747276306
0.8040000200271606
0.8119999766349792
0.8199999928474426
0.8349999785423279
0.8529999852180481
0.8610000014305115
0.8700000047683716
0.8769999742507935
0.8840000033378601
0.890999972820282
0.8899999856948853
0.828000009059906
0.8309999704360962
0.8339999914169312
0.8259999752044678
0.8140000104904175
0.7940000295639038
0.7929999828338623
0.7870000004768372
0.7689999938011169
0.765999972820282
0.7559999823570251
0.6940000057220459
0.6980000138282776
0.7020000219345093
0.6899999976158142
0.6970000267028809
0.703000009059906
0.7099999785423279
0.7049999833106995
0.6980000138282776
0.6909999847412109
0.6840000152587891
0.6769999861717224
0.6710000038146973
0.6669999957084656
0.6620000004768372
0.6579999923706055
0.652999997138977
0.6489999890327454
0.6460000276565552
0.6420000195503235
0.6420000195503235
0.6420000195503235
0.6389999985694885
0.6349999904632568
0.6349999904632568
0.6349999904632568
0.6340000033378601
0.6340000033378601
0.6320000290870667
0.6309999823570251
0.628000020980835
0.628000020980835
0.6290000081062317
0.6269999742507935
0.625
0.6299999952316284
0.6290000081062317
0.6290000081062317
0.6290000081062317
0.6320000290870667
0.6309999823570251
0.6309999823570251
0.6340000033378601
0.6370000243186951
0.6380000114440918
0.6430000066757202
0.6439999938011169
0.6470000147819519
0.6499999761581421
0.6549999713897705
0.656000018119812
0.6629999876022339
0.6660000085830688
0.671999990940094
0.6779999732971191
0.6840000152587891
0.6890000104904175
0.6949999928474426
0.6990000009536743
0.7009999752044678
0.7020000219345093
0.6980000138282776
0.6859999895095825
0.6970000267028809
0.703000009059906
0.7049999833106995
0.7289999723434448
0.7400000095367432
0.7580000162124634
0.765999972820282
0.7749999761581421
0.7860000133514404
0.7910000085830688
0.8050000071525574
0.8209999799728394
0.8399999737739563
0.8510000109672546
0.8619999885559082
0.8679999709129333
0.8840000033378601
0.902999997138977
0.9160000085830688
0.9380000233650208
0.949999988079071
0.9570000171661377
0.9559999704360962
1.0399999618530273
1.0609999895095825
1.097000002861023
1.1269999742507935
1.11899995803833
1.1469999551773071
1.1970000267028809
1.2269999980926514
1.25
1.309000015258789
1.3489999771118164
1.4160000085830688
1.434000015258789
1.4229999780654907
1.4010000228881836
1.3899999856948853
1.3639999628067017
1.3660000562667847
1.3669999837875366
1.3600000143051147
1.3320000171661377
1.3350000381469727
1.3329999446868896
1.3250000476837158
1.3279999494552612
1.3029999732971191
1.3049999475479126
1.2869999408721924
1.2999999523162842
1.2879999876022339
1.284000039100647
1.281999945640564
1.2910000085830688
1.2719999551773071
1.277999997138977
1.2869999408721924
1.274999976158142
1.2799999713897705
1.2740000486373901
1.2879999876022339
1.2879999876022339
1.2760000228881836
1.284999966621399
1.284999966621399
1.2740000486373901
1.284999966621399
1.2649999856948853
1.2940000295639038
1.2879999876022339
1.284999966621399
1.309000015258789
1.2960000038146973
1.3109999895095825
1.2940000295639038
1.319000005722046
1.305999994277954
1.343000054359436
1.3370000123977661
1.340000033378601
1.3559999465942383
1.3509999513626099
1.3730000257492065
1.375
1.3910000324249268
1.4079999923706055
1.4160000085830688
1.4160000085830688
1.4290000200271606
1.4529999494552612
1.4589999914169312
1.4570000171661377
1.4570000171661377
1.4889999628067017
1.5410000085830688
1.5479999780654907
1.5540000200271606
1.5820000171661377
1.6239999532699585
1.63100004196167
1.6549999713897705
1.6699999570846558
1.7009999752044678
1.718999981880188
1.7879999876022339
1.8380000591278076
1.871000051498413
1.875
1.9170000553131104
1.9759999513626099
2.006999969482422
2.0409998893737793
2.0810000896453857
2.1080000400543213
2.184999942779541
2.2139999866485596
2.2890000343322754
2.4040000438690186
2.4609999656677246
2.5179998874664307
2.566999912261963
0.7170000076293945
0.7170000076293945
0.7059999704360962
0.7070000171661377
0.7009999752044678
0.6970000267028809
0.6949999928474426
0.6890000104904175
0.6840000152587891
0.6779999732971191
0.6740000247955322
0.6679999828338623
0.6660000085830688
0.6589999794960022
0.6589999794960022
0.6579999923706055
0.6520000100135803
0.6460000276565552
0.6460000276565552
0.6460000276565552
0.6439999938011169
0.6439999938011169
0.6399999856948853
0.6370000243186951
0.6370000243186951
0.6380000114440918
0.6349999904632568
0.6370000243186951
0.6359999775886536
0.6359999775886536
0.6370000243186951
0.6370000243186951
0.6359999775886536
0.6359999775886536
0.6389999985694885
0.6380000114440918
0.640999972820282
0.640999972820282
0.6420000195503235
0.6449999809265137
0.6460000276565552
0.6499999761581421
0.6499999761581421
0.656000018119812
0.6589999794960022
0.6660000085830688
0.6690000295639038
0.671999990940094
0.6800000071525574
0.6819999814033508
0.6880000233650208
0.6909999847412109
0.6959999799728394
0.6970000267028809
0.699999988079071
0.6990000009536743
0.6859999895095825
0.6919999718666077
0.7059999704360962
0.7170000076293945
0.7310000061988831
0.7319999933242798
0.7419999837875366
0.7559999823570251
0.7590000033378601
0.7680000066757202
0.7770000100135803
0.8090000152587891
0.8270000219345093
0.8370000123977661
0.8650000095367432
0.8519999980926514
0.8650000095367432
0.8759999871253967
0.878000020980835
0.0
0.9120000004768372
0.890999972820282
0.8700000047683716
0.8610000014305115
0.8579999804496765
0.8510000109672546
0.8320000171661377
0.8209999799728394
0.8299999833106995
0.8289999961853027
0.7950000166893005
0.7770000100135803
0.7670000195503235
0.7609999775886536
0.7580000162124634
0.7440000176429749
0.7289999723434448
0.7250000238418579
0.7239999771118164
0.7089999914169312
0.6919999718666077
0.6970000267028809
0.7020000219345093
0.6919999718666077
0.6959999799728394
0.6930000185966492
0.7089999914169312
0.7049999833106995
0.7020000219345093
0.699999988079071
0.6970000267028809
0.6940000057220459
0.6930000185966492
0.6909999847412109
0.375
0.3790000081062317
0.382999986410141
0.382999986410141
0.3179999887943268
0.3190000057220459
0.3199999928474426
0.3269999921321869
0.3190000057220459
0.3199999928474426
0.3199999928474426
----------
0.3230000138282776
0.32600000500679016
0.0
0.7409999966621399
0.6890000104904175
0.6890000104904175
0.6899999976158142
0.6930000185966492
0.6959999799728394
0.6990000009536743
0.7009999752044678
0.7049999833106995
0.7070000171661377
0.7059999704360962
0.7059999704360962
0.7020000219345093
0.6930000185966492
0.6980000138282776
0.7080000042915344
0.7089999914169312
0.703000009059906
0.7110000252723694
0.7170000076293945
0.7200000286102295
0.7360000014305115
0.7450000047683716
0.7570000290870667
0.7649999856948853
0.7799999713897705
0.7910000085830688
0.7929999828338623
0.8069999814033508
0.8109999895095825
0.8299999833106995
0.843999981880188
0.8550000190734863
0.8619999885559082
0.8659999966621399
0.878000020980835
0.8859999775886536
0.8970000147819519
0.8629999756813049
0.8429999947547913
0.8360000252723694
0.8259999752044678
0.8259999752044678
0.8119999766349792
0.7979999780654907
0.7820000052452087
0.765999972820282
0.7599999904632568
0.7850000262260437
0.7250000238418579
0.7160000205039978
0.7070000171661377
0.7039999961853027
0.6909999847412109
0.6949999928474426
0.6890000104904175
0.6850000023841858
0.7009999752044678
0.6949999928474426
0.6880000233650208
0.6850000023841858
0.6809999942779541
0.6740000247955322
0.6690000295639038
0.6660000085830688
0.6610000133514404
0.6549999713897705
0.6510000228881836
0.6489999890327454
0.6480000019073486
0.6439999938011169
0.640999972820282
0.640999972820282
0.6420000195503235
0.6370000243186951
0.6349999904632568
0.6340000033378601
0.6320000290870667
0.6309999823570251
0.6320000290870667
0.6320000290870667
0.6299999952316284
0.6290000081062317
0.6290000081062317
0.6290000081062317
0.6299999952316284
0.6309999823570251
0.6320000290870667
0.6320000290870667
0.6330000162124634
0.6330000162124634
0.6349999904632568
0.6330000162124634
0.6380000114440918
0.640999972820282
0.6420000195503235
0.6460000276565552
0.6480000019073486
0.6489999890327454
0.652999997138977
0.6570000052452087
0.6610000133514404
0.6650000214576721
0.6700000166893005
0.6790000200271606
0.6859999895095825
0.6909999847412109
0.6930000185966492
0.6990000009536743
0.7039999961853027
0.7039999961853027
0.7059999704360962
0.699999988079071
0.7020000219345093
0.7129999995231628
0.7229999899864197
0.7179999947547913
0.7459999918937683
0.7620000243186951
0.7649999856948853
0.7749999761581421
0.7860000133514404
0.8040000200271606
0.8180000185966492
0.8069999814033508
0.8349999785423279
0.8500000238418579
0.8610000014305115
0.8529999852180481
0.8899999856948853
0.9020000100135803
0.9150000214576721
0.9350000023841858
0.9539999961853027
0.9760000109672546
0.9909999966621399
1.0119999647140503
1.0420000553131104
1.0950000286102295
1.0959999561309814
1.1330000162124634
1.1490000486373901
1.1640000343322754
1.2569999694824219
1.253000020980835
1.3339999914169312
1.340000033378601
1.4199999570846558
1.4229999780654907
1.4220000505447388
1.3949999809265137
1.3890000581741333
1.3860000371932983
1.3700000047683716
1.3660000562667847
1.3550000190734863
1.3300000429153442
1.343000054359436
1.312999963760376
1.3240000009536743
1.3079999685287476
1.3009999990463257
1.309999942779541
1.2970000505447388
1.3070000410079956
1.2970000505447388
1.2829999923706055
1.2949999570846558
1.2910000085830688
1.284000039100647
1.2920000553131104
1.2790000438690186
1.2710000276565552
1.2719999551773071
1.277999997138977
1.2680000066757202
1.281999945640564
1.2719999551773071
1.2769999504089355
1.2929999828338623
1.2740000486373901
1.3009999990463257
1.2940000295639038
1.2860000133514404
1.281999945640564
1.2949999570846558
1.3020000457763672
1.2879999876022339
1.3049999475479126
1.3070000410079956
1.3049999475479126
1.3200000524520874
1.3220000267028809
1.3170000314712524
1.343999981880188
1.3559999465942383
1.3619999885559082
1.3760000467300415
1.375
1.3949999809265137
1.4170000553131104
1.4129999876022339
1.4179999828338623
1.4270000457763672
1.440999984741211
1.4609999656677246
1.4620000123977661
1.4509999752044678
1.4809999465942383
1.5520000457763672
1.5479999780654907
1.5770000219345093
1.590000033378601
1.6160000562667847
1.6299999952316284
1.690000057220459
1.6890000104904175
1.6950000524520874
1.753999948501587
1.7999999523162842
1.8229999542236328
1.8420000076293945
1.88100004196167
1.8980000019073486
1.9579999446868896
1.9900000095367432
2.0290000438690186
2.063999891281128
2.128999948501587
2.1740000247955322
2.193000078201294
2.2730000019073486
2.4260001182556152
2.486999988555908
2.5350000858306885
2.563999891281128
0.6919999718666077
0.6919999718666077
0.7039999961853027
0.7080000042915344
0.7009999752044678
0.699999988079071
0.6940000057220459
0.6859999895095825
0.6830000281333923
0.6759999990463257
0.6679999828338623
0.6660000085830688
0.6610000133514404
0.6589999794960022
0.6570000052452087
0.6520000100135803
0.6489999890327454
0.6470000147819519
0.6470000147819519
0.6480000019073486
0.6460000276565552
0.6449999809265137
0.6430000066757202
0.6430000066757202
0.6380000114440918
0.6399999856948853
0.6380000114440918
0.6359999775886536
0.6349999904632568
0.6349999904632568
0.6349999904632568
0.6359999775886536
0.6359999775886536
0.6370000243186951
0.6370000243186951
0.6389999985694885
0.6399999856948853
0.6430000066757202
0.6430000066757202
0.6470000147819519
0.6489999890327454
0.6510000228881836
0.6549999713897705
0.656000018119812
0.6589999794960022
0.6629999876022339
0.6669999957084656
0.6700000166893005
0.6759999990463257
0.6809999942779541
0.6869999766349792
0.6919999718666077
0.6959999799728394
0.699999988079071
0.703000009059906
0.7049999833106995
0.703000009059906
0.699999988079071
0.7049999833106995
0.7149999737739563
0.7049999833106995
0.7400000095367432
0.7450000047683716
0.7509999871253967
0.765999972820282
0.7820000052452087
0.7960000038146973
0.7829999923706055
0.7910000085830688
0.8320000171661377
0.8330000042915344
0.8349999785423279
0.8420000076293945
0.8560000061988831
0.8759999871253967
0.8920000195503235
0.8889999985694885
0.8849999904632568
0.875
0.8560000061988831
0.8539999723434448
0.8410000205039978
0.8270000219345093
0.8119999766349792
0.8119999766349792
0.8019999861717224
0.7929999828338623
0.7870000004768372
0.7749999761581421
0.7710000276565552
0.7540000081062317
0.7409999966621399
0.7390000224113464
0.722000002861023
0.7110000252723694
0.7369999885559082
0.6890000104904175
0.6899999976158142
0.6919999718666077
0.6869999766349792
0.6809999942779541
0.7120000123977661
0.7070000171661377
0.703000009059906
0.7020000219345093
0.6980000138282776
0.6959999799728394
0.6930000185966492
0.6909999847412109
0.6899999976158142
0.375
0.3779999911785126
0.38199999928474426
0.38100001215934753
0.3190000057220459
0.31700000166893005
0.33500000834465027
0.3179999887943268
0.3179999887943268
0.3190000057220459
0.3199999928474426
----------
0.32199999690055847
0.3240000009536743
0.0
0.7099999785423279
0.6990000009536743
0.6880000233650208
0.6890000104904175
0.6949999928474426
0.6949999928474426
0.6949999928474426
0.699999988079071
0.703000009059906
0.7070000171661377
0.7070000171661377
0.703000009059906
0.6980000138282776
0.6909999847412109
0.6940000057220459
0.6859999895095825
0.6959999799728394
0.6959999799728394
0.7440000176429749
0.7329999804496765
0.7229999899864197
0.7509999871253967
0.7509999871253967
0.7519999742507935
0.7620000243186951
0.7699999809265137
0.7829999923706055
0.7919999957084656
0.8100000023841858
0.8050000071525574
0.8299999833106995
0.8399999737739563
0.8450000286102295
0.8640000224113464
0.8740000128746033
0.8809999823570251
0.8880000114440918
0.8930000066757202
0.8740000128746033
0.8519999980926514
0.8389999866485596
0.828000009059906
0.8080000281333923
0.8080000281333923
0.7900000214576721
0.7860000133514404
0.7730000019073486
0.7480000257492065
0.7379999756813049
0.7360000014305115
0.703000009059906
0.7039999961853027
0.7059999704360962
0.6940000057220459
0.6959999799728394
0.7020000219345093
0.7059999704360962
0.7020000219345093
0.6959999799728394
0.6919999718666077
0.6859999895095825
0.6800000071525574
0.6740000247955322
0.6669999957084656
0.6620000004768372
0.6570000052452087
0.6510000228881836
0.6480000019073486
0.6470000147819519
0.6449999809265137
0.6420000195503235
0.6380000114440918
0.6380000114440918
0.6370000243186951
0.6349999904632568
0.6349999904632568
0.6359999775886536
0.6330000162124634
0.6320000290870667
0.6309999823570251
0.6309999823570251
0.628000020980835
0.6309999823570251
0.6290000081062317
0.6290000081062317
0.6299999952316284
0.6290000081062317
0.6299999952316284
0.6309999823570251
0.6320000290870667
0.6330000162124634
0.6370000243186951
0.6349999904632568
0.6380000114440918
0.6389999985694885
0.640999972820282
0.6449999809265137
0.6460000276565552
0.6489999890327454
0.656000018119812
0.6610000133514404
0.6639999747276306
0.6679999828338623
0.675000011920929
0.6790000200271606
0.6840000152587891
0.6890000104904175
0.6930000185966492
0.699999988079071
0.7039999961853027
0.7049999833106995
0.7009999752044678
0.6909999847412109
0.6769999861717224
0.7179999947547913
0.7210000157356262
0.7239999771118164
0.7319999933242798
0.746999979019165
0.753000020980835
0.7789999842643738
0.7910000085830688
0.7850000262260437
0.7979999780654907
0.8149999976158142
0.8259999752044678
0.8320000171661377
0.8339999914169312
0.8659999966621399
0.8870000243186951
0.9129999876022339
0.9179999828338623
0.9229999780654907
0.9459999799728394
0.9459999799728394
0.984000027179718
1.0219999551773071
1.0219999551773071
1.0850000381469727
1.097000002861023
1.1150000095367432
1.1660000085830688
1.2400000095367432
1.2139999866485596
1.284000039100647
1.2920000553131104
1.3489999771118164
1.4149999618530273
1.440000057220459
1.4199999570846558
1.409000039100647
1.3940000534057617
1.3760000467300415
1.371999979019165
1.350000023841858
1.3580000400543213
1.340000033378601
1.3329999446868896
1.3259999752044678
1.3240000009536743
1.2960000038146973
1.312999963760376
1.3109999895095825
1.3070000410079956
1.2920000553131104
1.2910000085830688
1.284999966621399
1.2949999570846558
1.2920000553131104
1.284000039100647
1.277999997138977
1.281999945640564
1.2730000019073486
1.2760000228881836
1.2860000133514404
1.2630000114440918
1.2640000581741333
1.2660000324249268
1.2710000276565552
1.2860000133514404
1.277999997138977
1.2949999570846558
1.2929999828338623
1.2869999408721924
1.2760000228881836
1.281000018119812
1.3070000410079956
1.2890000343322754
1.3170000314712524
1.309999942779541
1.309999942779541
1.3220000267028809
1.3279999494552612
1.3370000123977661
1.3509999513626099
1.350000023841858
1.3559999465942383
1.3769999742507935
1.3919999599456787
1.3949999809265137
1.4010000228881836
1.4129999876022339
1.4240000247955322
1.4290000200271606
1.4570000171661377
1.4800000190734863
1.465999960899353
1.4470000267028809
1.5010000467300415
1.5429999828338623
1.5420000553131104
1.559999942779541
1.5920000076293945
1.6059999465942383
1.6119999885559082
1.6360000371932983
1.7089999914169312
1.6929999589920044
1.7410000562667847
1.812000036239624
1.8389999866485596
1.86899995803833
1.8680000305175781
1.8839999437332153
1.9570000171661377
1.9800000190734863
2.0239999294281006
2.0739998817443848
2.0989999771118164
2.1679999828338623
2.2109999656677246
2.2850000858306885
2.4170000553131104
2.4739999771118164
2.4860000610351562
2.5859999656677246
2.684000015258789
0.7059999704360962
0.7059999704360962
0.7080000042915344
0.703000009059906
0.6990000009536743
0.6930000185966492
0.6869999766349792
0.6819999814033508
0.6759999990463257
0.6650000214576721
0.6629999876022339
0.6589999794960022
0.6579999923706055
0.656000018119812
0.6549999713897705
0.652999997138977
0.6510000228881836
0.6470000147819519
0.6449999809265137
0.6430000066757202
0.6430000066757202
0.640999972820282
0.6389999985694885
0.6389999985694885
0.6349999904632568
0.6349999904632568
0.6349999904632568
0.6320000290870667
0.6349999904632568
0.6330000162124634
0.6359999775886536
0.6380000114440918
0.6389999985694885
0.6399999856948853
0.6389999985694885
0.6430000066757202
0.6449999809265137
0.6510000228881836
0.6499999761581421
0.6480000019073486
0.6480000019073486
0.652999997138977
0.6579999923706055
0.6620000004768372
0.6639999747276306
0.6669999957084656
0.6679999828338623
0.6700000166893005
0.6790000200271606
0.6869999766349792
0.6940000057220459
0.6980000138282776
0.699999988079071
0.7009999752044678
0.699999988079071
0.6930000185966492
0.6990000009536743
0.7120000123977661
0.7210000157356262
0.7279999852180481
0.7390000224113464
0.7369999885559082
0.7540000081062317
0.7540000081062317
0.7570000290870667
0.7509999871253967
0.7820000052452087
0.7979999780654907
0.824999988079071
0.8360000252723694
0.8209999799728394
0.8500000238418579
0.8669999837875366
0.875
0.890999972820282
0.8899999856948853
0.8830000162124634
0.8709999918937683
0.8579999804496765
0.8539999723434448
0.8410000205039978
0.8360000252723694
0.8209999799728394
0.7940000295639038
0.7889999747276306
0.7860000133514404
0.7799999713897705
0.765999972820282
0.7440000176429749
0.7400000095367432
0.7379999756813049
0.7409999966621399
0.7419999837875366
0.7310000061988831
0.7289999723434448
0.6809999942779541
0.6869999766349792
0.6940000057220459
0.6809999942779541
0.6909999847412109
0.6970000267028809
0.7080000042915344
0.7049999833106995
0.699999988079071
0.6990000009536743
0.6959999799728394
0.6940000057220459
0.6909999847412109
0.6909999847412109
0.375
0.3790000081062317
0.382999986410141
0.382999986410141
0.3179999887943268
0.3179999887943268
0.3190000057220459
0.32600000500679016
0.3190000057220459
0.3199999928474426
0.32100000977516174
----------
