1.1080000400543213
1.1089999675750732
1.100000023841858
1.1109999418258667
1.1119999885559082
1.0870000123977661
1.1100000143051147
1.121999979019165
1.1089999675750732
1.1069999933242798
1.0870000123977661
1.1150000095367432
1.100000023841858
1.1109999418258667
1.1059999465942383
1.0989999771118164
1.0889999866485596
1.1050000190734863
1.1069999933242798
1.0959999561309814
1.0989999771118164
1.090999960899353
1.0950000286102295
1.1109999418258667
1.1130000352859497
1.0889999866485596
1.1009999513626099
1.1059999465942383
1.0959999561309814
1.1089999675750732
1.1080000400543213
1.1089999675750732
1.0829999446868896
1.1009999513626099
1.0920000076293945
1.1019999980926514
1.0989999771118164
1.0770000219345093
1.1019999980926514
1.0989999771118164
1.0989999771118164
1.1009999513626099
1.1230000257492065
1.11899995803833
1.0920000076293945
1.1089999675750732
1.1119999885559082
1.1069999933242798
1.1119999885559082
1.1009999513626099
1.1050000190734863
1.1080000400543213
1.1069999933242798
1.1089999675750732
1.100000023841858
1.1119999885559082
1.1050000190734863
1.1059999465942383
1.1050000190734863
1.1139999628067017
1.097000002861023
1.1050000190734863
1.0920000076293945
1.0859999656677246
1.100000023841858
1.1069999933242798
1.1030000448226929
1.125
1.1089999675750732
1.1080000400543213
1.1200000047683716
1.1069999933242798
1.100000023841858
1.1150000095367432
1.0989999771118164
1.1130000352859497
1.1009999513626099
1.1089999675750732
1.0980000495910645
1.0839999914169312
1.1080000400543213
1.1059999465942383
1.0809999704360962
1.1089999675750732
1.1030000448226929
1.1030000448226929
1.0980000495910645
1.1009999513626099
1.093999981880188
1.1069999933242798
1.11899995803833
1.097000002861023
1.1130000352859497
1.1169999837875366
1.1009999513626099
1.1150000095367432
1.1150000095367432
1.1169999837875366
1.1069999933242798
1.1130000352859497
1.1009999513626099
1.1030000448226929
1.0880000591278076
1.093000054359436
1.0889999866485596
1.0870000123977661
1.1069999933242798
1.1030000448226929
1.1069999933242798
1.1030000448226929
1.1069999933242798
1.093000054359436
1.0829999446868896
1.121999979019165
1.0889999866485596
1.093999981880188
1.0920000076293945
1.0989999771118164
1.1130000352859497
1.1019999980926514
1.1019999980926514
1.1130000352859497
1.1119999885559082
1.121000051498413
1.1050000190734863
1.1160000562667847
1.0959999561309814
1.1009999513626099
1.097000002861023
1.1100000143051147
1.1019999980926514
1.1109999418258667
1.1150000095367432
1.1200000047683716
1.0980000495910645
1.097000002861023
1.1150000095367432
1.1160000562667847
1.121000051498413
1.1180000305175781
1.1019999980926514
1.090000033378601
1.0959999561309814
1.1100000143051147
1.093000054359436
1.1100000143051147
1.0920000076293945
1.1239999532699585
1.0920000076293945
1.1009999513626099
1.1009999513626099
1.1100000143051147
1.097000002861023
1.1050000190734863
1.1100000143051147
1.1080000400543213
1.1069999933242798
1.1100000143051147
1.1150000095367432
1.0959999561309814
1.1089999675750732
1.0950000286102295
1.1059999465942383
1.1009999513626099
1.097000002861023
1.1160000562667847
1.1030000448226929
1.1139999628067017
1.1059999465942383
1.1119999885559082
1.1039999723434448
1.0950000286102295
1.1109999418258667
1.1130000352859497
1.1039999723434448
1.0920000076293945
1.1009999513626099
1.1009999513626099
1.121000051498413
1.1139999628067017
1.1100000143051147
1.1039999723434448
1.1050000190734863
1.1009999513626099
1.1050000190734863
1.093000054359436
1.0880000591278076
1.1160000562667847
1.1059999465942383
1.1160000562667847
1.1119999885559082
1.1059999465942383
1.0959999561309814
1.1009999513626099
1.100000023841858
1.0889999866485596
1.0770000219345093
1.1119999885559082
1.0820000171661377
1.0950000286102295
